0 0.03937 0.02403
1 0.03892 0.02574
2 0.05177 0.07391
3 0.06752 0.1509
4 0.0895 0.15423
5 0.12119 0.25708
6 0.15995 0.34199
7 0.2208 0.39337
8 0.25669 0.44203
9 0.30179 0.48454
10 0.37134 0.59767
11 0.43476 0.60451
12 0.50002 0.72083
13 0.58196 0.74184
14 0.67868 0.88021
15 0.75894 0.88888
16 0.86993 1.00602
17 0.95572 1.06453
18 1.08398 1.15781
19 1.20812 1.16974
20 1.32482 1.24194
21 1.45354 1.28111
22 1.61084 1.39564
23 1.74796 1.54486
24 1.93487 1.61531
25 2.07897 1.74355
26 2.25265 1.79904
27 2.39535 1.87399
28 2.5764 1.92313
29 2.76004 1.96783
